100 253
1 2
2 3
1 3
2 4
4 7
4 8
7 8
8 11
7 10
10 11
3 5
5 9
5 6
6 9
3 6
6 12
12 13
8 14
14 15
9 16
16 17
5 18
18 19
6 20
20 21
12 22
22 23
10 24
24 25
11 26
26 27
9 28
28 29
6 30
30 31
4 32
32 33
14 34
34 35
19 36
36 37
16 38
38 39
13 40
40 41
18 42
42 43
12 44
44 45
11 46
46 47
10 48
48 49
9 50
50 51
8 52
52 53
6 54
54 55
5 56
56 57
4 58
58 59
3 60
60 61
2 62
62 63
1 64
64 65
7 66
66 67
13 68
68 69
19 70
70 71
26 72
72 73
33 74
74 75
41 76
76 77
49 78
78 79
57 80
80 81
65 82
82 83
73 84
84 85
81 86
86 87
89 88
88 89
90 91
91 92
92 93
93 94
94 95
95 96
96 97
97 98
98 99
99 100
1 100
2 99
3 98
4 97
5 96
6 95
7 94
8 93
9 92
10 91
11 90
12 89
13 88
14 87
15 86
16 85
17 84
18 83
19 82
20 81
21 80
22 79
23 78
24 77
25 76
26 75
27 74
28 73
29 72
30 71
31 70
32 69
33 68
34 67
35 66
36 65
37 64
38 63
39 62
40 61
41 60
42 59
43 58
44 57
45 56
46 55
47 54
48 53
49 52
50 51
1 50
2 49
3 48
4 47
5 46
6 45
7 44
8 43
9 42
10 41
11 40
12 39
13 38
14 37
15 36
16 35
17 34
18 33
19 32
20 31
21 30
22 29
23 28
24 27
25 26
26 25
27 24
28 23
29 22
30 21
31 20
32 19
33 18
34 17
35 16
36 15
37 14
38 13
39 12
40 11
41 10
42 9
43 8
44 7
45 6
46 5
47 4
48 3
49 2
50 1
51 100
52 99
53 98
54 97
55 96
56 95
57 94
58 93
59 92
60 91
61 90
62 89
63 88
64 87
65 86
66 85
67 84
68 83
69 82
70 81
71 80
72 79
73 78
74 77
75 76
76 75
77 74
78 73
79 72
80 71
81 70
82 69
83 68
84 67
85 66
86 65
87 64
88 63
89 62
90 61
91 60
92 59
93 58
94 57
95 56
96 55
97 54
98 53
99 52
100 51
